0.1721
0.1422
0.02892
0.01754
0.01097
0.0258
0.06234
0.1132
0.1701
0.1624
0.2779
0.2336
0.1758
0.1312
0.06034
0.03921
0.02844
0.04562
0.07615
0.1243
0.244
0.2468
0.2787
0.348
0.3063
0.1678
0.08637
0.05
0.03551
0.05655
0.08015
0.108
0.1277
0.1894
0.2801
0.2582
0.2015
0.1274
0.05566
0.03418
0.02361
0.03722
0.07519
0.1433
0.1394
0.2196
0.4687
0.7177
0.4353
0.2731
0.1078
0.06617
0.04817
0.0537
0.08289
0.1982
0.3088
0.4101
0.5678
0.9163
0.4509
0.3325
0.1245
0.0795
0.05759
0.06753
0.1188
0.1237
0.2103
0.3235
0.4685
0.4118
0.4127
0.2032
0.08421
0.05123
0.03918
0.05552
0.0982
0.1419
0.2972
0.3014
0.4597
0.7049
0.4702
0.252
0.09468
0.05937
0.0431
0.05746
0.09056
0.1331
0.1426
0.2583
0.424
0.6644
0.248
0.1516
0.0689
0.04071
0.03011
0.0487
0.09798
0.1485
0.3059
0.4955
0.6837
0.732
0.4141
0.2284
0.08758
0.05548
0.04012
0.05477
0.1062
0.1716
0.2285
"1"
0.2968
0.07746
0.01457
0.01069
0.007454
0.01582
0.03362
0.09077
0.141
0.09552
0.2289
0.1643
0.1012
0.08152
0.02741
0.01921
0.01458
0.02805
0.04043
0.08258
0.2119
0.2532
0.2075
0.2665
0.2548
0.1095
0.04452
0.02122
0.01694
0.03048
0.03767
0.07393
0.09546
0.145
0.2041
0.2028
0.1477
0.06524
0.02045
0.01487
0.01337
0.02408
0.03276
0.1176
0.102
0.1731
0.5124
0.6977
0.3259
0.1734
0.04968
0.02426
0.01884
0.02451
0.04372
0.1741
0.3655
0.4471
0.5647
0.8428
0.3082
0.2344
0.05343
0.02814
0.02187
0.03133
0.0694
0.07285
0.1789
0.3167
0.4046
0.3243
0.3568
0.1348
0.0318
0.01742
0.01666
0.02303
0.05027
0.08852
0.2721
0.3068
0.4872
0.6211
0.3336
0.175
0.03518
0.01778
0.01536
0.02576
0.03599
0.08081
0.1023
0.2443
0.4194
0.6496
0.08706
0.09042
0.02373
0.01259
0.01251
0.03015
0.06176
0.09946
0.2663
0.4631
0.6176
0.6608
0.351
0.1593
0.03069
0.01973
0.01652
0.02359
0.05403
0.1131
0.1847
"2"
0.2446
0.07612
0.006888
0.005641
0.001857
0.005491
0.01263
0.07257
0.1061
0.06932
0.1997
0.1412
0.09236
0.07417
0.02064
0.01536
0.009399
0.01366
0.01654
0.05819
0.1878
0.2239
0.1754
0.2477
0.2481
0.1035
0.03913
0.01962
0.01395
0.01589
0.0153
0.05085
0.07399
0.1134
0.1697
0.1749
0.1317
0.05592
0.01558
0.01206
0.009429
0.01226
0.01083
0.09488
0.07514
0.1364
0.4766
0.6784
0.3215
0.1689
0.04784
0.02541
0.01756
0.01667
0.02442
0.1546
0.34
0.4222
0.5376
0.8313
0.3118
0.2366
0.05694
0.0334
0.02244
0.02269
0.04965
0.05425
0.1537
0.2852
0.3692
0.3023
0.3361
0.1301
0.02972
0.0185
0.01477
0.0137
0.03074
0.06079
0.247
0.2738
0.4556
0.6011
0.3258
0.1746
0.0368
0.02081
0.01546
0.01708
0.01673
0.05275
0.07613
0.2212
0.3857
0.6238
0.08134
0.08483
0.02194
0.01253
0.009653
0.01762
0.04249
0.07069
0.2389
0.4287
0.5638
0.6216
0.3353
0.1504
0.03313
0.02237
0.01637
0.01654
0.03294
0.08648
0.1476
"3"
0.2392
0.1193
0.009828
0.007604
0.002541
0.007597
0.01825
0.08586
0.1075
0.07169
0.2159
0.1362
0.09681
0.07293
0.01778
0.01351
0.007343
0.01546
0.0208
0.07008
0.2015
0.241
0.1902
0.2577
0.2551
0.09693
0.03071
0.01091
0.007515
0.01417
0.01543
0.06158
0.07689
0.1213
0.1795
0.1893
0.1313
0.05544
0.009948
0.008778
0.007194
0.01257
0.01341
0.1059
0.08061
0.1481
0.4953
0.6959
0.3421
0.1784
0.03611
0.01332
0.009479
0.01213
0.02675
0.1667
0.3278
0.4886
0.5521
0.8673
0.3236
0.2347
0.03658
0.01467
0.009261
0.01588
0.05036
0.05881
0.1613
0.3038
0.3905
0.3115
0.3473
0.1202
0.01506
0.006903
0.006897
0.00923
0.03442
0.07333
0.2587
0.274
0.4958
0.636
0.3455
0.1646
0.02114
0.006846
0.005312
0.01287
0.01568
0.06519
0.08368
0.2345
0.4057
0.6465
0.08163
0.07721
0.01292
0.004826
0.004447
0.0183
0.04773
0.08289
0.2524
0.4505
0.601
0.6479
0.3382
0.1382
0.01211
0.00822
0.006184
0.01119
0.03652
0.09921
0.1642
"4"
0.2778
0.07106
0.009551
0.008371
0.003768
0.008217
0.01809
0.07821
0.1136
0.06799
0.2093
0.1416
0.09179
0.07155
0.02169
0.01741
0.01078
0.01636
0.0217
0.06518
0.1928
0.2342
0.1825
0.2496
0.2492
0.1032
0.03896
0.01894
0.01399
0.01808
0.01837
0.05633
0.07701
0.1179
0.174
0.1834
0.1321
0.05147
0.01445
0.01318
0.01066
0.01546
0.01431
0.09422
0.07861
0.1426
0.4861
0.6792
0.325
0.1736
0.04949
0.02616
0.01897
0.0193
0.03085
0.1592
0.3509
0.4317
0.5447
0.8283
0.3147
0.2368
0.05694
0.03301
0.02271
0.02544
0.04969
0.05699
0.1568
0.2939
0.3731
0.307
0.343
0.1291
0.02952
0.01779
0.01522
0.01463
0.03261
0.0622
0.2468
0.2791
0.4655
0.6042
0.33
0.1743
0.03754
0.02062
0.01588
0.0203
0.02045
0.05793
0.07702
0.223
0.3925
0.6273
0.08154
0.08047
0.02318
0.01323
0.01062
0.02308
0.04287
0.07196
0.2408
0.4354
0.5745
0.6277
0.3393
0.1504
0.03192
0.02275
0.01741
0.01795
0.03445
0.08619
0.1534
"5"
0.1732
0.1396
0.0345
0.01823
0.01086
0.02453
0.07674
0.1378
0.2194
0.2282
0.3231
0.2683
0.1942
0.1466
0.06152
0.03537
0.02244
0.04123
0.0898
0.1531
0.2865
0.3181
0.3293
0.3726
0.3271
0.1838
0.0907
0.04675
0.03101
0.05
0.09383
0.136
0.1751
0.2556
0.3297
0.2873
0.2286
0.1391
0.05789
0.0326
0.02083
0.03264
0.09049
0.1746
0.1918
0.2897
0.5247
0.7344
0.4383
0.2724
0.122
0.06508
0.04172
0.0479
0.0913
0.2198
0.343
0.5056
0.6372
0.9437
0.445
0.3407
0.138
0.07486
0.04908
0.05894
0.1314
0.1536
0.2578
0.3901
0.52
0.4283
0.4245
0.2279
0.08817
0.04879
0.0335
0.0492
0.1119
0.1777
0.354
0.3707
0.525
0.6989
0.4634
0.2758
0.1028
0.0562
0.03716
0.051
0.1039
0.1631
0.1879
0.3105
0.4553
0.6583
0.226
0.1696
0.06646
0.037
0.02449
0.03806
0.09999
0.1559
0.3153
0.4954
0.6589
0.7119
0.4253
0.2424
0.08304
0.04902
0.03244
0.04131
0.0963
0.1694
0.2361
"6"
0.0461
0.06971
0.07644
0.06326
0.04189
0.03721
0.07021
0.1063
0.1937
0.2262
0.2672
0.2736
0.2243
0.1969
0.1462
0.1041
0.07271
0.0639
0.09273
0.1333
0.2231
0.276
0.3125
0.3483
0.3114
0.249
0.196
0.144
0.09853
0.08533
0.1107
0.1337
0.1702
0.2391
0.3006
0.2748
0.2555
0.2052
0.1507
0.1044
0.07059
0.05813
0.09309
0.1428
0.186
0.2613
0.431
0.6262
0.3922
0.3183
0.2451
0.1804
0.1231
0.09501
0.1111
0.1681
0.2756
0.4089
0.5371
0.7683
0.4515
0.4033
0.3055
0.2239
0.1542
0.1212
0.1522
0.1648
0.2371
0.3338
0.4471
0.4078
0.3902
0.3001
0.2233
0.1589
0.1062
0.08968
0.1189
0.153
0.2644
0.32
0.3973
0.5426
0.4105
0.3334
0.2375
0.1694
0.1129
0.08864
0.104
0.1305
0.155
0.2319
0.3548
0.5236
0.2833
0.2506
0.1686
0.1168
0.07892
0.06336
0.08985
0.1348
0.2406
0.3948
0.5387
0.624
0.4264
0.3459
0.2397
0.1692
0.1136
0.08541
0.09867
0.1273
0.1633
"7"
0.04691
0.07044
0.06501
0.04686
0.02912
0.02287
0.04221
0.07861
0.1536
0.1788
0.2248
0.2388
0.1993
0.1733
0.1235
0.08188
0.05387
0.04076
0.06063
0.09657
0.1829
0.2362
0.2681
0.3108
0.2884
0.2273
0.1737
0.1202
0.0798
0.05983
0.07581
0.09997
0.1318
0.1909
0.2543
0.2388
0.228
0.1808
0.1269
0.08206
0.05312
0.03759
0.05906
0.11
0.1467
0.2093
0.3892
0.5996
0.3769
0.2995
0.2249
0.1592
0.108
0.07938
0.08284
0.1363
0.2452
0.3743
0.4947
0.7337
0.4364
0.3851
0.2864
0.2033
0.1391
0.09968
0.1178
0.1299
0.2004
0.2869
0.4003
0.378
0.3672
0.2828
0.2037
0.14
0.09415
0.06845
0.08707
0.1262
0.2461
0.3082
0.4034
0.5452
0.4145
0.3331
0.2296
0.1597
0.1083
0.07835
0.09109
0.1253
0.1578
0.2404
0.3641
0.5284
0.2889
0.2476
0.1638
0.1087
0.07323
0.05248
0.07832
0.1206
0.2309
0.3781
0.5203
0.6082
0.4194
0.3377
0.2271
0.156
0.1062
0.07686
0.08984
0.1255
0.1641
"8"
0.04691
0.07044
0.06501
0.04686
0.02912
0.02287
0.04221
0.07861
0.1536
0.1788
0.2248
0.2388
0.1993
0.1733
0.1235
0.08188
0.05387
0.04076
0.06063
0.09657
0.1829
0.2362
0.2681
0.3108
0.2884
0.2273
0.1737
0.1202
0.0798
0.05983
0.07581
0.09997
0.1318
0.1909
0.2543
0.2388
0.228
0.1808
0.1269
0.08206
0.05312
0.03759
0.05906
0.11
0.1467
0.2093
0.3892
0.5996
0.3769
0.2995
0.2249
0.1592
0.108
0.07938
0.08284
0.1363
0.2452
0.3743
0.4947
0.7337
0.4364
0.3851
0.2864
0.2033
0.1391
0.09968
0.1178
0.1299
0.2004
0.2869
0.4003
0.378
0.3672
0.2828
0.2037
0.14
0.09415
0.06845
0.08707
0.1262
0.2461
0.3082
0.4034
0.5452
0.4145
0.3331
0.2296
0.1597
0.1083
0.07835
0.09109
0.1253
0.1578
0.2404
0.3641
0.5284
0.2889
0.2476
0.1638
0.1087
0.07323
0.05248
0.07832
0.1206
0.2309
0.3781
0.5203
0.6082
0.4194
0.3377
0.2271
0.156
0.1062
0.07686
0.08984
0.1255
0.1641
"9"
0.05867
0.05965
0.06179
0.05232
0.03798
0.03043
0.04002
0.06604
0.1211
0.1287
0.1802
0.1955
0.1683
0.154
0.1129
0.0843
0.06159
0.05103
0.05733
0.07717
0.1557
0.1987
0.2154
0.2769
0.2625
0.2063
0.1623
0.122
0.08812
0.07039
0.07166
0.08332
0.1022
0.1408
0.1994
0.198
0.1965
0.159
0.116
0.08362
0.05807
0.04517
0.05389
0.09483
0.1122
0.1572
0.3703
0.5879
0.3481
0.2717
0.206
0.1533
0.1098
0.08169
0.07709
0.1231
0.2366
0.3494
0.4758
0.7352
0.4008
0.3584
0.2633
0.1943
0.1369
0.1029
0.1117
0.1073
0.1705
0.251
0.3529
0.3353
0.3436
0.2531
0.1866
0.1358
0.09428
0.0735
0.08112
0.102
0.2179
0.2762
0.3715
0.5304
0.3808
0.3033
0.2095
0.1523
0.1026
0.07788
0.08035
0.09856
0.1196
0.2016
0.3314
0.5188
0.2421
0.2232
0.1459
0.1035
0.06969
0.05509
0.07359
0.1052
0.2172
0.3649
0.505
0.5981
0.3961
0.3137
0.2118
0.1519
0.1047
0.07873
0.08852
0.1205
0.1623
"10"
0.0442
0.06875
0.07294
0.0598
0.03936
0.03379
0.05977
0.09434
0.1729
0.2006
0.2448
0.2551
0.2125
0.1876
0.1398
0.09895
0.06886
0.0585
0.08093
0.1171
0.2022
0.2539
0.288
0.3287
0.3004
0.2415
0.1907
0.1397
0.09521
0.07917
0.09817
0.1196
0.152
0.2135
0.2751
0.2558
0.2407
0.1965
0.1441
0.09905
0.06628
0.05202
0.0803
0.1285
0.1666
0.2342
0.4111
0.6104
0.3849
0.3119
0.2409
0.1768
0.1213
0.09264
0.101
0.1533
0.256
0.3953
0.5126
0.7588
0.4412
0.3955
0.3007
0.2199
0.1491
0.1148
0.1388
0.1488
0.2186
0.31
0.422
0.3919
0.3797
0.2955
0.2211
0.1574
0.1045
0.08425
0.1094
0.1463
0.2605
0.3244
0.4099
0.556
0.4197
0.3407
0.2433
0.174
0.1151
0.08672
0.1008
0.1223
0.1443
0.2171
0.3401
0.5138
0.2761
0.2456
0.165
0.1134
0.07679
0.05932
0.08077
0.1204
0.2265
0.3771
0.5194
0.607
0.4172
0.3401
0.2362
0.1664
0.1125
0.08455
0.1013
0.1364
0.1768
"11"
0.0442
0.06875
0.07294
0.0598
0.03936
0.03379
0.05977
0.09434
0.1729
0.2006
0.2448
0.2551
0.2125
0.1876
0.1398
0.09895
0.06886
0.0585
0.08093
0.1171
0.2022
0.2539
0.288
0.3287
0.3004
0.2415
0.1907
0.1397
0.09521
0.07917
0.09817
0.1196
0.152
0.2135
0.2751
0.2558
0.2407
0.1965
0.1441
0.09905
0.06628
0.05202
0.0803
0.1285
0.1666
0.2342
0.4111
0.6104
0.3849
0.3119
0.2409
0.1768
0.1213
0.09264
0.101
0.1533
0.256
0.3953
0.5126
0.7588
0.4412
0.3955
0.3007
0.2199
0.1491
0.1148
0.1388
0.1488
0.2186
0.31
0.422
0.3919
0.3797
0.2955
0.2211
0.1574
0.1045
0.08425
0.1094
0.1463
0.2605
0.3244
0.4099
0.556
0.4197
0.3407
0.2433
0.174
0.1151
0.08672
0.1008
0.1223
0.1443
0.2171
0.3401
0.5138
0.2761
0.2456
0.165
0.1134
0.07679
0.05932
0.08077
0.1204
0.2265
0.3771
0.5194
0.607
0.4172
0.3401
0.2362
0.1664
0.1125
0.08455
0.1013
0.1364
0.1768
"12"
0.04375
0.06799
0.06914
0.05488
0.03655
0.02784
0.04482
0.07572
0.1451
0.1662
0.211
0.2268
0.1926
0.1719
0.1274
0.09061
0.06131
0.04906
0.06389
0.09313
0.172
0.2225
0.2534
0.3
0.2809
0.2264
0.1787
0.1302
0.08884
0.06853
0.08019
0.09829
0.1251
0.1779
0.239
0.2273
0.2187
0.1805
0.1316
0.09054
0.05591
0.04331
0.0621
0.1072
0.1386
0.1968
0.3808
0.5875
0.3728
0.3002
0.2319
0.1691
0.1168
0.08564
0.08591
0.1327
0.2327
0.3672
0.4841
0.7422
0.4269
0.3835
0.2909
0.2116
0.1453
0.1062
0.1208
0.1261
0.1915
0.2762
0.3873
0.3635
0.3608
0.2797
0.2094
0.1489
0.1005
0.07292
0.08985
0.1228
0.2361
0.2958
0.3905
0.5441
0.4084
0.3309
0.2353
0.1678
0.1149
0.08096
0.09229
0.1209
0.1493
0.226
0.3519
0.5255
0.2792
0.2505
0.1685
0.1167
0.07743
0.05592
0.0801
0.1226
0.2334
0.3841
0.5288
0.605
0.4126
0.3348
0.2315
0.1627
0.1106
0.08032
0.09234
0.122
0.1586
"13"
0.04005
0.05967
0.0628
0.04899
0.03271
0.02329
0.03146
0.05842
0.116
0.1321
0.1789
0.1997
0.1751
0.1579
0.1165
0.08202
0.05529
0.04179
0.04864
0.07112
0.143
0.1929
0.22
0.2738
0.264
0.2147
0.1694
0.1225
0.0825
0.05852
0.06288
0.07786
0.09888
0.1424
0.2017
0.1996
0.198
0.1659
0.1198
0.08155
0.05164
0.03655
0.04531
0.08542
0.1101
0.1574
0.3457
0.5572
0.3598
0.2899
0.2248
0.1633
0.1129
0.08059
0.07286
0.1123
0.208
0.3389
0.4576
0.7248
0.4165
0.3748
0.2854
0.2073
0.1438
0.1002
0.1044
0.1048
0.1642
0.242
0.3517
0.3362
0.3408
0.2664
0.1999
0.1414
0.09629
0.06591
0.07175
0.09612
0.2012
0.2558
0.3606
0.5234
0.3986
0.3213
0.2283
0.162
0.1118
0.07689
0.07576
0.09556
0.1188
0.1922
0.3181
0.4979
0.2649
0.2392
0.1591
0.1097
0.07296
0.05107
0.06476
0.09839
0.208
0.3549
0.496
0.5877
0.4031
0.3297
0.2284
0.1594
0.109
0.07505
0.08066
0.1145
0.1546
"14"
0.04152
0.05962
0.06171
0.04675
0.03093
0.02102
0.0285
0.0579
0.1195
0.1368
0.1843
0.2035
0.1767
0.1582
0.1153
0.0793
0.0517
0.03495
0.04413
0.07014
0.1468
0.1979
0.2251
0.2781
0.266
0.2151
0.1685
0.1198
0.08117
0.05666
0.05912
0.07668
0.1014
0.1473
0.2078
0.2039
0.2007
0.1663
0.1187
0.07952
0.05021
0.03376
0.04192
0.08514
0.113
0.1637
0.3558
0.5678
0.3586
0.2882
0.2225
0.1604
0.1108
0.07788
0.06966
0.1122
0.2139
0.3467
0.4622
0.7217
0.4151
0.3724
0.2829
0.2047
0.1428
0.09789
0.1011
0.1039
0.1674
0.2485
0.3564
0.3404
0.3428
0.2665
0.1987
0.1392
0.0949
0.06409
0.06853
0.09558
0.2073
0.2668
0.3672
0.5243
0.3933
0.3197
0.2259
0.159
0.1097
0.07433
0.07218
0.09491
0.1221
0.199
0.3255
0.5045
0.2647
0.2381
0.1572
0.1073
0.07164
0.0489
0.06154
0.09803
0.2111
0.361
0.5022
0.5925
0.4048
0.3297
0.2274
0.1581
0.1083
0.07353
0.07705
0.1139
0.1578
"15"
0.03647
0.05978
0.06376
0.04995
0.03347
0.02395
0.03199
0.05885
0.1169
0.1323
0.1787
0.1984
0.1744
0.1576
0.1163
0.08191
0.0552
0.04183
0.0487
0.07114
0.144
0.1938
0.2195
0.2733
0.2631
0.2143
0.1691
0.1223
0.08233
0.05849
0.0629
0.0779
0.09935
0.1426
0.2022
0.1994
0.1966
0.1664
0.12
0.08169
0.05169
0.03677
0.04555
0.08553
0.1108
0.1585
0.3493
0.5569
0.3539
0.291
0.2262
0.1645
0.1138
0.08129
0.07337
0.1128
0.2118
0.3432
0.4569
0.7109
0.415
0.375
0.286
0.2079
0.1441
0.1005
0.1043
0.105
0.1653
0.244
0.3507
0.3352
0.3391
0.2667
0.2002
0.1417
0.09649
0.06611
0.07187
0.0962
0.2037
0.2622
0.3617
0.517
0.395
0.3208
0.228
0.1618
0.1116
0.07681
0.07571
0.09552
0.1196
0.1944
0.3196
0.4961
0.2637
0.2373
0.1589
0.1096
0.07289
0.05106
0.06435
0.09861
0.2085
0.3557
0.4957
0.5872
0.4025
0.3292
0.2281
0.1592
0.1089
0.07495
0.0806
0.1145
0.1549
"16"
0.04068
0.05937
0.06377
0.04981
0.03327
0.02377
0.03213
0.05951
0.1184
0.1337
0.1802
0.1993
0.1752
0.1585
0.117
0.08258
0.05587
0.04242
0.04942
0.07217
0.1462
0.1947
0.2212
0.2755
0.2637
0.2141
0.1692
0.1226
0.08264
0.05879
0.06337
0.07855
0.1006
0.144
0.2037
0.2013
0.1999
0.1659
0.1205
0.08208
0.0519
0.0371
0.04601
0.08686
0.1119
0.1602
0.3518
0.5664
0.358
0.2888
0.224
0.163
0.1127
0.08066
0.07328
0.1138
0.2142
0.3416
0.4616
0.7177
0.4149
0.3733
0.2843
0.2066
0.143
0.09987
0.105
0.1055
0.1664
0.2445
0.3516
0.3379
0.3427
0.2661
0.1996
0.1412
0.09609
0.06586
0.07202
0.09677
0.2056
0.2634
0.3642
0.5212
0.394
0.3201
0.2273
0.1613
0.1112
0.07655
0.07584
0.09601
0.1205
0.1958
0.3225
0.5012
0.2633
0.2381
0.1583
0.1092
0.07251
0.05091
0.06564
0.09935
0.2088
0.3564
0.4971
0.5896
0.4027
0.3292
0.2281
0.1592
0.1088
0.07499
0.08096
0.1153
0.1565
"17"
0.03974
0.05564
0.05916
0.04504
0.02941
0.02015
0.0266
0.05461
0.1142
0.1308
0.1778
0.1977
0.1722
0.1546
0.1127
0.07691
0.05031
0.03407
0.04209
0.06636
0.141
0.1921
0.2186
0.2722
0.2614
0.212
0.166
0.118
0.07926
0.05534
0.05681
0.0733
0.09654
0.1409
0.2011
0.1983
0.1964
0.1629
0.1163
0.07702
0.04961
0.03313
0.03987
0.08141
0.1079
0.1569
0.3492
0.5607
0.3517
0.2832
0.2189
0.1579
0.1089
0.07602
0.06728
0.1079
0.2088
0.3398
0.4553
0.7105
0.4097
0.3679
0.2797
0.2025
0.1409
0.09618
0.09848
0.1
0.1619
0.2419
0.3492
0.3345
0.3369
0.2629
0.196
0.1374
0.09269
0.06301
0.0662
0.09139
0.2011
0.2604
0.3608
0.517
0.388
0.316
0.2233
0.1572
0.1075
0.07333
0.06985
0.0907
0.1166
0.1927
0.3188
0.4959
0.2603
0.2342
0.1544
0.1049
0.07002
0.04812
0.05927
0.09372
0.2049
0.3537
0.4943
0.5856
0.4002
0.3267
0.2252
0.1565
0.1061
0.07264
0.07464
0.1097
0.1517
"18"
0.04125
0.05972
0.06264
0.04885
0.03261
0.02328
0.03154
0.05862
0.117
0.1321
0.1787
0.1992
0.1741
0.1571
0.1159
0.08159
0.05497
0.04166
0.04858
0.07106
0.144
0.1936
0.2196
0.2736
0.2631
0.2138
0.1687
0.122
0.08217
0.05839
0.06283
0.07786
0.0995
0.1425
0.2021
0.1996
0.198
0.1652
0.1195
0.08123
0.05137
0.03656
0.0454
0.08582
0.1107
0.1583
0.3504
0.5636
0.3561
0.2871
0.2225
0.1617
0.1118
0.07984
0.07237
0.1124
0.2117
0.3419
0.4567
0.7174
0.4127
0.3714
0.2828
0.2055
0.1422
0.09916
0.1039
0.1045
0.165
0.2433
0.3502
0.3359
0.34
0.2654
0.1991
0.1408
0.09586
0.06572
0.07154
0.096
0.2044
0.262
0.3621
0.52
0.3907
0.3185
0.2262
0.1605
0.1106
0.07607
0.07519
0.09515
0.1195
0.1942
0.3199
0.5001
0.2624
0.237
0.1574
0.1085
0.072
0.05047
0.06459
0.09833
0.2082
0.3553
0.4954
0.5873
0.4022
0.3289
0.2279
0.159
0.1087
0.07487
0.08053
0.1144
0.1551
"19"
0.04257
0.06177
0.06481
0.05086
0.0339
0.02462
0.0358
0.0658
0.1281
0.1451
0.1932
0.2108
0.1825
0.1636
0.1207
0.08517
0.0574
0.04413
0.05353
0.07974
0.1568
0.2067
0.2337
0.2862
0.2724
0.22
0.1734
0.1255
0.08499
0.06087
0.06782
0.0854
0.11
0.1565
0.2167
0.2115
0.207
0.1715
0.1243
0.08467
0.05356
0.03884
0.05056
0.09382
0.1216
0.173
0.3645
0.5751
0.3634
0.2928
0.2264
0.1646
0.1136
0.08175
0.07696
0.1209
0.2218
0.3555
0.4706
0.7286
0.4198
0.3769
0.2864
0.208
0.1433
0.1011
0.1091
0.1123
0.176
0.2577
0.3656
0.348
0.3492
0.2714
0.2033
0.1439
0.09764
0.06722
0.07678
0.1053
0.2171
0.2757
0.3754
0.5317
0.3992
0.3242
0.2302
0.1634
0.1123
0.07793
0.08032
0.1045
0.1311
0.208
0.3342
0.5122
0.2695
0.2427
0.1621
0.1117
0.07414
0.05213
0.0694
0.1076
0.2206
0.371
0.512
0.6013
0.4114
0.3344
0.2317
0.1617
0.1103
0.0767
0.08607
0.122
0.1636
"20"
0.04103
0.05907
0.06236
0.04869
0.03252
0.02322
0.0315
0.05858
0.1169
0.1321
0.1787
0.1991
0.1741
0.157
0.1158
0.08157
0.05496
0.04165
0.04858
0.07105
0.144
0.1936
0.2196
0.2736
0.263
0.2138
0.1687
0.122
0.08216
0.05838
0.06282
0.07785
0.09949
0.1425
0.2021
0.1995
0.198
0.1652
0.1194
0.08122
0.05137
0.03655
0.04539
0.0858
0.1107
0.1583
0.3504
0.5633
0.3556
0.2868
0.2223
0.1616
0.1117
0.07979
0.07233
0.1123
0.2116
0.3418
0.4566
0.7162
0.4124
0.3712
0.2827
0.2054
0.1421
0.09911
0.1039
0.1044
0.1649
0.2433
0.3502
0.3358
0.3397
0.2653
0.1991
0.1408
0.09584
0.0657
0.07153
0.09599
0.2044
0.262
0.3621
0.5197
0.3905
0.3184
0.2262
0.1604
0.1106
0.07604
0.07517
0.09513
0.1195
0.1942
0.3199
0.4996
0.262
0.2367
0.1573
0.1084
0.07194
0.05044
0.06455
0.09831
0.2081
0.3553
0.4954
0.5873
0.4022
0.3289
0.2279
0.159
0.1087
0.07487
0.08054
0.1145
0.1552
"21"
