1.3036
1.2912
1.25436
1.23144
1.194002
1.17675
1.156946
1.11038
1.08527
1.04444
0.97977
"1"
1.3036
1.29404
1.28067
1.26639
1.25025
1.24241
1.22927
1.21147
1.19931
1.182198
1.16097
"2"
1.3036
1.30271
1.29954
1.29545
1.29412
1.29125
1.289
1.28424
1.28077
1.27652
1.27222
"3"
1.3036
1.30291
1.29833
1.29503
1.2912
1.29205
1.28814
1.28517
1.28231
1.27785
1.27221
"4"
1.3036
1.29989
1.29542
1.29281
1.28797
1.28469
1.27993
1.27379
1.2699
1.26593
1.25941
"5"
1.3036
1.28786
1.22731
1.185818
1.12498
1.0822
1.03359
0.94666
0.85185
0.77012
0.68521
"6"
1.3036
1.28189
1.20679
1.152148
1.07257
1.0085
0.92264
0.79062
0.72259
0.62418
0.49942
"7"
1.3036
1.29059
1.23631
1.201426
1.14699
1.10969
1.06593
0.99765
0.93142
0.83154
0.74272
"8"
1.3036
1.29059
1.23631
1.201426
1.14699
1.10969
1.06593
0.99765
0.93142
0.83154
0.74272
"9"
1.3036
1.28838
1.25178
1.2242
1.187176
1.160076
1.12741
1.08237
1.04334
0.9951
0.92743
"10"
1.3036
1.28384
1.21903
1.172593
1.10475
1.05336
0.99239
0.87759
0.77345
0.70199
0.58709
"11"
1.3036
1.28384
1.21903
1.172593
1.10475
1.05336
0.99239
0.87759
0.77345
0.70199
0.58709
"12"
1.3036
1.28786
1.23712
1.202961
1.151581
1.11561
1.07368
1.01067
0.95035
0.86156
0.76437
"13"
1.3036
1.29251
1.25551
1.23048
1.193072
1.170091
1.14199
1.1004
1.06705
1.02545
0.96683
"14"
1.3036
1.29282
1.25572
1.23078
1.193277
1.169859
1.14123
1.09996
1.06585
1.02324
0.96439
"15"
1.3036
1.29252
1.25551
1.23028
1.192969
1.169774
1.14115
1.09948
1.06549
1.02278
0.96323
"16"
1.3036
1.29251
1.2544
1.23017
1.192565
1.168712
1.14029
1.09739
1.06298
1.01884
0.96028
"17"
1.3036
1.29503
1.25825
1.23604
1.202165
1.180498
1.153964
1.11544
1.08485
1.04644
0.99348
"18"
1.3036
1.29241
1.25441
1.23017
1.192666
1.169024
1.14041
1.09873
1.06341
1.02019
0.96072
"19"
1.3036
1.29099
1.24804
1.21794
1.177744
1.1472
1.11285
1.06379
1.0195
0.96648
0.87659
"20"
1.3036
1.29251
1.25541
1.23018
1.192667
1.169336
1.14062
1.09892
1.06452
1.02072
0.96083
"21"
