0
6.082e-05
4.009e-06
0
0.003658
0.008016
0.03676
0.1134
0.2398
0.3262
0.6085
0.2216
0.1045
0.0115
0.004003
0.003068
0.003357
0.01009
0.06653
0.1369
0.09608
0.2463
0.4
0.4365
0.1563
0.0119
0.005995
0.004697
0.003667
0.01756
0.03975
0.05969
0.3011
0.3729
0.8815
0.46
0.1072
0.03898
0.01306
0.007643
0.006005
0.008511
0.07533
0.1611
0.3022
0.2836
0.4558
0.322
0.0861
0.01736
0.01005
0.006433
0.00666
0.016
0.03201
0.06811
0.2098
0.5317
0.6689
0.3119
0.1762
0.03597
0.01036
0.008835
0.01856
0.01386
0.02917
0.06546
0.1881
0.4602
0.4726
0.1356
0.03869
0.008335
0.005208
0.004689
0.003964
0.01054
0.02576
0.08087
0.1254
0.2897
0.3557
0.2216
0.1133
0.01646
0.004824
0.003816
0.002994
0.008999
0.02906
0.05558
0.1499
0.4263
0.5876
0.3957
0.06919
0.01284
0.00757
0.005956
0.0047
0.008841
0.06256
0.06351
0.03374
0.169
0.1157
0.07522
0.05114
0.01199
0.01022
0.001532
0.001832
0.006902
0.04576
0.01435
"1"
0
0.0001598
1.266e-05
0
0.003883
0.0082
0.03682
0.1103
0.2277
0.3024
0.5377
0.2031
0.09464
0.01314
0.005991
0.004546
0.004549
0.01082
0.06366
0.1213
0.1002
0.244
0.3857
0.4183
0.1561
0.017
0.01087
0.008487
0.006665
0.01975
0.0395
0.05286
0.294
0.3626
0.8627
0.4538
0.1148
0.04473
0.02111
0.01382
0.01087
0.01247
0.07106
0.1457
0.3076
0.2774
0.4522
0.318
0.09228
0.02413
0.01618
0.01117
0.01034
0.01901
0.03071
0.0579
0.2031
0.5214
0.6573
0.3114
0.1794
0.04446
0.01784
0.01485
0.02069
0.01737
0.03059
0.05884
0.1783
0.4544
0.4609
0.1393
0.04105
0.01415
0.009617
0.008264
0.006861
0.01277
0.02639
0.07802
0.1186
0.2904
0.3437
0.217
0.1134
0.02122
0.009099
0.007149
0.005608
0.0112
0.02962
0.05465
0.14
0.4196
0.5659
0.3883
0.07395
0.02027
0.01372
0.01071
0.008366
0.0119
0.06313
0.05797
0.03332
0.1667
0.1169
0.07673
0.04847
0.01391
0.01217
0.003119
0.003364
0.00801
0.04569
0.01487
"2"
0
0.0001597
1.266e-05
0
0.003883
0.0082
0.03681
0.1103
0.228
0.2984
0.5234
0.1952
0.09248
0.008934
0.002136
0.0009623
0.001849
0.008796
0.06216
0.1171
0.09817
0.2395
0.3751
0.4094
0.15
0.009352
0.00365
0.001939
0.001454
0.01568
0.03633
0.04967
0.2868
0.3538
0.8406
0.4299
0.09972
0.03205
0.008817
0.003208
0.002535
0.005912
0.06587
0.1367
0.2998
0.2681
0.4381
0.3073
0.08913
0.01334
0.006047
0.002499
0.003521
0.01363
0.02643
0.05358
0.1957
0.5078
0.6386
0.3031
0.1736
0.03447
0.006108
0.004701
0.0126
0.01101
0.0256
0.0544
0.1711
0.4424
0.4508
0.1353
0.03718
0.009449
0.003796
0.002479
0.002218
0.009089
0.02347
0.07566
0.1162
0.2898
0.3427
0.2182
0.1142
0.02025
0.005462
0.002485
0.001217
0.007719
0.02688
0.05251
0.1357
0.4162
0.5702
0.3935
0.07838
0.02012
0.00823
0.004053
0.001949
0.006755
0.0591
0.05434
0.031
0.1654
0.1193
0.07811
0.04768
0.01327
0.01029
0.0006466
0.001356
0.006447
0.04445
0.01377
"3"
0
0.0001003
0.0002245
4.89e-07
0.001543
0.00275
0.01203
0.08076
0.2238
0.2834
0.5833
0.2163
0.1281
0.02673
0.004825
0.003622
0.003145
0.007197
0.0416
0.1268
0.09385
0.2092
0.3759
0.4063
0.1688
0.03047
0.006324
0.00425
0.00356
0.0109
0.02872
0.04819
0.2789
0.3136
0.8195
0.4527
0.1534
0.05526
0.01128
0.006316
0.005716
0.006545
0.05798
0.1462
0.2741
0.2351
0.4183
0.3254
0.1231
0.03524
0.01135
0.008758
0.008011
0.01118
0.02777
0.06676
0.2006
0.4616
0.6248
0.3105
0.2046
0.0639
0.0113
0.00981
0.01916
0.01342
0.02147
0.06168
0.179
0.4083
0.4461
0.156
0.05926
0.01004
0.005097
0.005106
0.004095
0.006304
0.02084
0.05407
0.1231
0.2516
0.3416
0.2109
0.1209
0.01852
0.006041
0.003926
0.003746
0.006167
0.01899
0.03709
0.143
0.3814
0.5451
0.3785
0.1223
0.03692
0.01056
0.005637
0.004652
0.00602
0.03696
0.05717
0.03005
0.1532
0.1114
0.07656
0.05085
0.01409
0.008018
0.00305
0.002882
0.003771
0.02544
0.01535
"4"
2.19e-05
0.002442
0.001785
4.487e-05
0.008827
0.01548
0.0599
0.1848
0.3211
0.3617
0.6806
0.2438
0.1122
0.01158
0.0016
0.0007457
0.003057
0.01585
0.0971
0.1889
0.1181
0.2563
0.4146
0.458
0.1634
0.01022
0.003452
0.001626
0.002218
0.02632
0.05887
0.08297
0.3701
0.377
0.9132
0.4708
0.1144
0.04168
0.009708
0.001592
0.005127
0.009212
0.1098
0.2108
0.3261
0.2822
0.47
0.3327
0.09044
0.01565
0.00647
0.001473
0.006847
0.02124
0.04461
0.09675
0.2767
0.5429
0.6904
0.3191
0.1821
0.03512
0.003573
0.005699
0.02243
0.01836
0.03776
0.09233
0.2497
0.4758
0.4858
0.1429
0.04113
0.007021
0.001454
0.00275
0.005363
0.01576
0.0368
0.1165
0.1756
0.3151
0.3703
0.2385
0.1264
0.02077
0.001856
0.001009
0.003253
0.01229
0.03989
0.07964
0.2112
0.4498
0.6126
0.4147
0.07707
0.0102
0.002815
0.001342
0.001967
0.01073
0.08629
0.08881
0.04957
0.2161
0.1273
0.08943
0.06537
0.02096
0.0141
0.0003564
0.004255
0.009131
0.06704
0.0193
"5"
0.0003463
0.002457
0.001742
0
0.006204
0.01062
0.03763
0.1422
0.2751
0.3447
0.6359
0.2612
0.1342
0.03504
0.01205
0.006145
0.006596
0.01327
0.06264
0.1669
0.1159
0.2469
0.4002
0.4307
0.1815
0.03547
0.01454
0.007831
0.006113
0.0202
0.03897
0.05932
0.3387
0.3685
0.8582
0.4767
0.1521
0.06324
0.02379
0.009555
0.01028
0.01091
0.0686
0.1841
0.3119
0.2884
0.4577
0.3303
0.1157
0.03854
0.01665
0.007187
0.008579
0.01867
0.0298
0.06301
0.2462
0.5205
0.6582
0.3383
0.2041
0.06694
0.01793
0.01328
0.01738
0.01661
0.02732
0.062
0.2197
0.4552
0.4775
0.1655
0.05706
0.0175
0.007371
0.005652
0.008135
0.01386
0.02489
0.08522
0.1653
0.3016
0.3558
0.2332
0.1286
0.03076
0.00877
0.005221
0.005744
0.01181
0.02786
0.05367
0.1885
0.4256
0.5824
0.4077
0.1055
0.03703
0.01389
0.007125
0.005421
0.0126
0.05847
0.06844
0.04
0.2043
0.1234
0.08509
0.0563
0.01999
0.01334
0.00178
0.004905
0.00892
0.04539
0.01795
"6"
0
0.0002662
0.0002479
0
0.004214
0.008104
0.03577
0.1101
0.2383
0.2993
0.5367
0.2178
0.09739
0.009786
0.002842
0.001706
0.001998
0.00899
0.06202
0.1238
0.1028
0.2467
0.3903
0.4156
0.162
0.01945
0.005122
0.002744
0.001837
0.0159
0.03666
0.04966
0.2996
0.3646
0.8569
0.4574
0.1268
0.04555
0.0129
0.005287
0.003469
0.006183
0.06612
0.1453
0.3104
0.2804
0.4555
0.3207
0.1038
0.02294
0.008078
0.003884
0.002901
0.01374
0.02561
0.05336
0.2065
0.5262
0.6525
0.3245
0.1879
0.05005
0.008726
0.005992
0.01322
0.0114
0.02564
0.05466
0.1795
0.4572
0.4683
0.1505
0.04231
0.007259
0.002827
0.002461
0.002603
0.009437
0.02358
0.0754
0.1218
0.2933
0.3454
0.2171
0.1161
0.01729
0.003269
0.001957
0.001546
0.008109
0.02704
0.05194
0.1426
0.4249
0.5744
0.3948
0.09362
0.02927
0.009916
0.004722
0.002297
0.007164
0.05903
0.05461
0.03183
0.1746
0.1217
0.08066
0.04931
0.01411
0.01075
0.000697
0.001157
0.006353
0.04448
0.01403
"7"
0
8.472e-05
1.558e-05
0
0.003746
0.008077
0.03581
0.1177
0.2457
0.336
0.6281
0.2295
0.1039
0.0103
0.001508
0.0006382
0.001336
0.008331
0.06838
0.1452
0.09879
0.2484
0.4011
0.435
0.1594
0.009822
0.002318
0.0008892
0.0004198
0.0152
0.0427
0.06398
0.3151
0.3731
0.8917
0.468
0.1147
0.03818
0.006823
0.001201
0.0009242
0.004889
0.0845
0.1782
0.3042
0.2858
0.4747
0.3307
0.09168
0.01445
0.004731
0.001212
0.00317
0.01322
0.03321
0.07846
0.2355
0.5321
0.6904
0.3248
0.1794
0.03473
0.004597
0.003078
0.01672
0.01144
0.02898
0.07437
0.2116
0.4614
0.4844
0.146
0.03942
0.004892
0.001002
0.001201
0.001284
0.008904
0.02744
0.08893
0.1439
0.2972
0.3668
0.2287
0.1211
0.01641
0.001468
0.0005704
0.0004178
0.007494
0.03037
0.06067
0.1722
0.4329
0.6039
0.4124
0.07722
0.009399
0.002328
0.0009948
0.0006386
0.005569
0.06601
0.07149
0.03833
0.1807
0.1193
0.08393
0.05779
0.01333
0.009801
0.0002298
0.001005
0.006088
0.04899
0.01656
"8"
0
0.00099
0.0008151
0
0.004984
0.009158
0.038
0.1105
0.2595
0.3056
0.5916
0.2293
0.112
0.02427
0.01429
0.01084
0.00979
0.01545
0.06677
0.1343
0.1089
0.2465
0.3846
0.4177
0.1632
0.02543
0.01772
0.01301
0.01044
0.02391
0.04197
0.05587
0.3109
0.3586
0.8429
0.4503
0.1235
0.05628
0.03036
0.0198
0.01716
0.0171
0.07471
0.1593
0.3114
0.2764
0.4439
0.3175
0.1017
0.03536
0.02295
0.01565
0.01543
0.02305
0.03439
0.06155
0.2209
0.512
0.6433
0.3126
0.191
0.05732
0.02528
0.02163
0.02586
0.0221
0.03376
0.06221
0.1944
0.4527
0.4534
0.1441
0.0477
0.02141
0.01443
0.01258
0.01126
0.01653
0.0288
0.0801
0.1358
0.2991
0.34
0.2194
0.1176
0.02871
0.01406
0.01097
0.009898
0.01464
0.032
0.05647
0.1553
0.422
0.5567
0.3893
0.08136
0.02949
0.02013
0.01559
0.01244
0.01616
0.06572
0.06051
0.03618
0.1859
0.1205
0.07955
0.05114
0.01949
0.0156
0.005255
0.00652
0.01016
0.04756
0.01768
"9"
0.005663
0.007217
0.004313
0.001668
0.01227
0.01954
0.05403
0.1804
0.3166
0.3646
0.6551
0.2604
0.1325
0.02629
0.007535
0.004219
0.00831
0.01843
0.09207
0.1898
0.1217
0.2609
0.4112
0.4479
0.1811
0.02923
0.01079
0.007262
0.008389
0.02728
0.05382
0.07637
0.3631
0.3832
0.8742
0.4745
0.1439
0.06234
0.02395
0.004853
0.01012
0.01251
0.1008
0.2049
0.326
0.2889
0.4666
0.3348
0.1129
0.03138
0.01437
0.004627
0.009259
0.02519
0.03887
0.08818
0.2623
0.5426
0.6572
0.3399
0.2097
0.06702
0.01617
0.01693
0.02113
0.02201
0.03773
0.08571
0.2476
0.481
0.4978
0.1785
0.06779
0.01943
0.008401
0.007195
0.01157
0.02071
0.03545
0.1145
0.1881
0.3249
0.3819
0.2611
0.1508
0.037
0.009424
0.005169
0.006632
0.01747
0.03908
0.07705
0.2185
0.4528
0.6104
0.4355
0.123
0.04118
0.01415
0.005125
0.007864
0.01578
0.08388
0.09072
0.05198
0.2243
0.1396
0.1037
0.07402
0.02836
0.02016
0.005214
0.00793
0.01554
0.06562
0.03263
"10"
0
0.0009903
0.0008151
0
0.004984
0.009158
0.038
0.1128
0.2736
0.322
0.6134
0.238
0.1118
0.01804
0.007906
0.005597
0.005677
0.01229
0.0663
0.1417
0.11
0.2549
0.3998
0.4379
0.1627
0.01855
0.01073
0.007104
0.005722
0.02024
0.04024
0.05924
0.3228
0.3735
0.8815
0.4601
0.1159
0.04541
0.0191
0.01071
0.009923
0.01133
0.07459
0.1675
0.3192
0.2842
0.4599
0.3229
0.09199
0.02444
0.01456
0.008659
0.009786
0.01842
0.0331
0.06655
0.2269
0.5338
0.6712
0.3148
0.1826
0.04377
0.01506
0.013
0.02052
0.01648
0.03003
0.06423
0.2034
0.4676
0.4745
0.1429
0.04401
0.01341
0.007584
0.006977
0.006694
0.01278
0.02631
0.08017
0.1405
0.3069
0.3558
0.225
0.1175
0.0222
0.007809
0.005731
0.005613
0.01112
0.02976
0.05513
0.1638
0.4382
0.5881
0.4024
0.07647
0.02046
0.01153
0.008417
0.006683
0.01152
0.06295
0.0625
0.0349
0.1889
0.1229
0.0802
0.05155
0.0164
0.01257
0.002596
0.004271
0.008265
0.04637
0.01625
"11"
0
7.418e-05
0.0001081
3.261e-07
0.0005032
0.0008518
0.003058
0.04002
0.146
0.1955
0.4712
0.257
0.1978
0.1258
0.08417
0.06319
0.04969
0.03932
0.04249
0.09949
0.0881
0.1753
0.3505
0.3431
0.2006
0.1196
0.07907
0.05926
0.04634
0.03783
0.03581
0.04555
0.184
0.2424
0.6471
0.413
0.2425
0.1722
0.1173
0.08524
0.06673
0.05182
0.06091
0.1202
0.2147
0.2058
0.3513
0.2933
0.1872
0.1335
0.08991
0.06811
0.05282
0.04192
0.04079
0.05735
0.1381
0.327
0.5116
0.2942
0.2535
0.1657
0.1129
0.08102
0.06761
0.05072
0.04264
0.0581
0.1301
0.3004
0.3937
0.1958
0.1367
0.08364
0.06067
0.04732
0.0369
0.02898
0.02724
0.03685
0.08477
0.1681
0.3111
0.2149
0.1599
0.09748
0.06378
0.04988
0.03918
0.03145
0.02857
0.02862
0.08972
0.269
0.4452
0.3182
0.1956
0.1365
0.09284
0.06872
0.05412
0.0424
0.04175
0.05664
0.03699
0.09704
0.1048
0.09967
0.0833
0.04575
0.0354
0.02707
0.02096
0.017
0.01808
0.01795
"12"
0
0.0009891
0.0008124
0
0.004984
0.009155
0.03793
0.1165
0.2797
0.3304
0.6109
0.2309
0.1041
0.01166
0.003255
0.002338
0.003343
0.01083
0.06824
0.1439
0.11
0.2528
0.3995
0.4345
0.1551
0.01153
0.00542
0.003299
0.00293
0.01838
0.03923
0.06141
0.326
0.3743
0.9043
0.4544
0.104
0.03646
0.01152
0.005042
0.005543
0.007776
0.07617
0.1737
0.3193
0.2622
0.4869
0.3187
0.08263
0.01631
0.00822
0.003977
0.006295
0.01564
0.03247
0.07577
0.1987
0.5689
0.6113
0.3679
0.1725
0.03437
0.007699
0.007436
0.0176
0.01353
0.02836
0.06611
0.2046
0.4679
0.4696
0.1335
0.0376
0.007727
0.003331
0.003751
0.00418
0.01082
0.02574
0.08189
0.1401
0.3067
0.3548
0.2206
0.1119
0.01675
0.003311
0.002495
0.003186
0.009299
0.02858
0.056
0.1785
0.4394
0.5939
0.407
0.06801
0.01211
0.00556
0.004018
0.003379
0.008911
0.06224
0.06438
0.03452
0.1882
0.1195
0.07842
0.05057
0.01391
0.01053
0.0009069
0.002979
0.007258
0.04664
0.01541
"13"
0
0.0009647
0.0008218
0
0.004976
0.009135
0.03755
0.1104
0.2627
0.3097
0.6052
0.2328
0.1084
0.02042
0.01163
0.009053
0.008564
0.01436
0.0663
0.1391
0.109
0.247
0.3965
0.4249
0.1637
0.02136
0.0147
0.01092
0.009011
0.02238
0.04171
0.05646
0.3167
0.3737
0.8594
0.4463
0.12
0.04884
0.02564
0.01666
0.01496
0.01545
0.074
0.1614
0.315
0.2826
0.4559
0.313
0.09703
0.02857
0.01981
0.01342
0.01372
0.02176
0.03366
0.06638
0.2164
0.5342
0.6416
0.3191
0.1795
0.05273
0.02204
0.01908
0.02423
0.02067
0.03272
0.06253
0.1977
0.4615
0.4689
0.1451
0.04548
0.01875
0.01238
0.01107
0.01009
0.01561
0.02807
0.07947
0.1392
0.3005
0.3516
0.2229
0.1189
0.02597
0.01191
0.00944
0.008746
0.01373
0.03133
0.05574
0.164
0.4285
0.5811
0.3931
0.08038
0.02608
0.01749
0.01364
0.011
0.01499
0.06483
0.06048
0.03586
0.1887
0.1207
0.07931
0.0513
0.01818
0.01464
0.004523
0.005964
0.009728
0.04713
0.01684
"14"
0
0.0001722
0.00025
0
0.004152
0.008384
0.0349
0.1073
0.2231
0.2979
0.5383
0.219
0.1021
0.01759
0.008612
0.006441
0.005937
0.01065
0.06326
0.1223
0.1004
0.2367
0.3799
0.4004
0.1762
0.02186
0.01367
0.01
0.007489
0.01875
0.04117
0.04987
0.2841
0.3534
0.8355
0.447
0.1346
0.04885
0.02409
0.01521
0.01177
0.01263
0.07005
0.129
0.302
0.2698
0.4476
0.3032
0.1117
0.0275
0.01738
0.01126
0.01028
0.01806
0.02654
0.05836
0.1883
0.5058
0.6358
0.3242
0.1728
0.06023
0.02145
0.01614
0.02104
0.01713
0.0291
0.05848
0.164
0.4383
0.4563
0.1548
0.04122
0.01622
0.01033
0.00856
0.00683
0.01232
0.02581
0.07485
0.1196
0.2799
0.3442
0.206
0.1229
0.02387
0.01058
0.007592
0.005979
0.0111
0.02928
0.0521
0.1352
0.4076
0.558
0.3803
0.09015
0.02491
0.01592
0.01172
0.008658
0.01131
0.06177
0.05682
0.03415
0.1624
0.1141
0.08183
0.04835
0.01438
0.01217
0.00323
0.003356
0.007713
0.04413
0.0245
"15"
2.19e-05
0.002386
0.001732
2.421e-05
0.008517
0.01488
0.05873
0.1835
0.3213
0.3647
0.6813
0.2432
0.1122
0.01138
0.001353
0.0005487
0.002898
0.01568
0.09699
0.1888
0.1179
0.2565
0.4146
0.4602
0.1636
0.009862
0.003094
0.00135
0.002001
0.02636
0.05848
0.08287
0.3702
0.379
0.9141
0.4707
0.1133
0.04113
0.009205
0.001211
0.00485
0.009052
0.1099
0.211
0.3261
0.285
0.4697
0.333
0.08934
0.01519
0.005973
0.001154
0.006677
0.02124
0.04475
0.09715
0.277
0.5437
0.6925
0.3184
0.182
0.03424
0.003066
0.005334
0.02226
0.01844
0.03808
0.09281
0.2505
0.4758
0.4883
0.1422
0.04093
0.006696
0.001217
0.002624
0.005682
0.01667
0.03785
0.1189
0.1761
0.3152
0.3705
0.2384
0.1258
0.02036
0.001572
0.0008491
0.003309
0.01273
0.04087
0.0811
0.2121
0.4499
0.6131
0.4147
0.076
0.009598
0.002307
0.001037
0.001811
0.01115
0.08815
0.0896
0.04972
0.2166
0.1271
0.0891
0.06497
0.02095
0.0142
0.0002994
0.004405
0.009441
0.06872
0.02043
"16"
2.842e-05
0.0006579
0.0008262
0
0.00286
0.005518
0.02621
0.1322
0.2757
0.3152
0.6338
0.2525
0.1388
0.03578
0.01514
0.01139
0.01012
0.01502
0.06149
0.1576
0.1051
0.234
0.4053
0.437
0.1751
0.03526
0.01693
0.01293
0.01127
0.02145
0.0424
0.06468
0.3228
0.3414
0.8615
0.465
0.1517
0.06879
0.02664
0.01774
0.01679
0.01732
0.08265
0.1814
0.2991
0.2619
0.4451
0.3362
0.12
0.04503
0.02368
0.01737
0.01813
0.0209
0.03919
0.08459
0.2389
0.4942
0.656
0.3178
0.2074
0.07028
0.02451
0.02115
0.03098
0.02338
0.03184
0.07907
0.2162
0.4367
0.4694
0.1652
0.06951
0.02301
0.0155
0.01346
0.01282
0.01558
0.03076
0.08127
0.1491
0.2795
0.3641
0.239
0.1365
0.03305
0.01525
0.01266
0.01184
0.01476
0.02879
0.05584
0.1783
0.4089
0.5759
0.3965
0.1133
0.04166
0.02055
0.01544
0.01411
0.0153
0.05526
0.0755
0.04407
0.1799
0.1197
0.09331
0.0661
0.02459
0.01737
0.00813
0.009133
0.009441
0.0417
0.01954
"17"
0.0003429
0.001852
0.001357
0
0.004427
0.007734
0.02604
0.12
0.2577
0.3066
0.5709
0.2434
0.1408
0.0532
0.03267
0.02471
0.02107
0.02169
0.06121
0.1542
0.1073
0.2225
0.374
0.3922
0.1811
0.04876
0.03022
0.02343
0.01922
0.02523
0.03726
0.05874
0.3019
0.3281
0.7801
0.4419
0.1719
0.08308
0.04864
0.03316
0.02864
0.02407
0.06955
0.1717
0.2832
0.2558
0.4207
0.3101
0.1337
0.05536
0.03689
0.02566
0.02246
0.02582
0.03075
0.06527
0.2201
0.4628
0.5924
0.3175
0.2098
0.08915
0.04171
0.03423
0.03284
0.02738
0.03099
0.06555
0.1995
0.4067
0.4341
0.1654
0.07014
0.03385
0.02408
0.01945
0.01779
0.01893
0.02424
0.07729
0.1477
0.2677
0.321
0.2176
0.1331
0.04049
0.02418
0.01893
0.01627
0.01778
0.02663
0.05067
0.1729
0.3809
0.5203
0.3706
0.1261
0.05969
0.03722
0.02672
0.02138
0.02217
0.05518
0.06776
0.04185
0.1812
0.1146
0.08335
0.05922
0.0256
0.01886
0.009364
0.009604
0.01095
0.0376
0.0192
"18"
0
0.0004201
0.0005865
0
0.003086
0.005611
0.02107
0.08032
0.2074
0.2843
0.5854
0.2234
0.129
0.03425
0.007132
0.004881
0.004473
0.007087
0.04172
0.1257
0.09781
0.212
0.3769
0.406
0.1873
0.03715
0.008805
0.005185
0.004182
0.01137
0.02772
0.03913
0.2754
0.3224
0.8174
0.4709
0.1804
0.06748
0.01632
0.007972
0.006923
0.00742
0.04902
0.1335
0.2774
0.2548
0.4363
0.3309
0.1506
0.04443
0.0152
0.007288
0.006248
0.0114
0.0195
0.05021
0.1913
0.4671
0.6342
0.351
0.2228
0.0854
0.01839
0.01088
0.01444
0.01059
0.01816
0.04661
0.1677
0.4112
0.4611
0.182
0.06798
0.01367
0.006586
0.004841
0.004371
0.007566
0.01719
0.04907
0.1278
0.2538
0.3443
0.2197
0.1377
0.02418
0.008678
0.004688
0.003911
0.007013
0.01921
0.0327
0.1389
0.38
0.5555
0.3876
0.1388
0.047
0.01289
0.007204
0.004858
0.006516
0.03906
0.04463
0.02832
0.1616
0.1058
0.07962
0.04948
0.01274
0.008615
0.002586
0.002622
0.005119
0.02735
0.02444
"19"
0
0.0002743
0.000254
0
0.004245
0.008487
0.03699
0.1115
0.2457
0.3171
0.5925
0.2226
0.1037
0.01279
0.002968
0.001141
0.001697
0.008888
0.06433
0.1338
0.1038
0.2439
0.3974
0.4374
0.16
0.01274
0.004385
0.001774
0.0008184
0.01564
0.03826
0.05824
0.3079
0.3766
0.8859
0.4622
0.1115
0.03822
0.009294
0.002756
0.001979
0.005396
0.07224
0.1587
0.3109
0.2876
0.4619
0.3246
0.089
0.01666
0.006778
0.002342
0.003389
0.01339
0.0297
0.06573
0.2144
0.5382
0.6764
0.3178
0.1789
0.03642
0.007064
0.005024
0.01432
0.01081
0.0264
0.063
0.1897
0.4679
0.479
0.1408
0.03948
0.006705
0.002133
0.001955
0.002023
0.009005
0.02425
0.07943
0.1276
0.301
0.36
0.2245
0.1158
0.01704
0.002962
0.00115
0.001149
0.007678
0.02768
0.05433
0.1525
0.4344
0.5917
0.3996
0.0734
0.01249
0.004405
0.002071
0.001142
0.006581
0.06027
0.06171
0.03322
0.1762
0.1193
0.07865
0.05285
0.01284
0.009713
0.0003493
0.001619
0.006508
0.04534
0.01399
"20"
0
7.418e-05
0.0001081
3.261e-07
0.0005032
0.0008518
0.003058
0.04002
0.146
0.1955
0.4712
0.257
0.1978
0.1258
0.08417
0.06319
0.04969
0.03932
0.04249
0.09949
0.0881
0.1753
0.3505
0.3431
0.2006
0.1196
0.07907
0.05926
0.04634
0.03783
0.03581
0.04555
0.184
0.2424
0.6471
0.413
0.2425
0.1722
0.1173
0.08524
0.06673
0.05182
0.06091
0.1202
0.2147
0.2058
0.3513
0.2933
0.1872
0.1335
0.08991
0.06811
0.05282
0.04192
0.04079
0.05735
0.1381
0.327
0.5116
0.2942
0.2535
0.1657
0.1129
0.08102
0.06761
0.05072
0.04264
0.0581
0.1301
0.3004
0.3937
0.1958
0.1367
0.08364
0.06067
0.04732
0.0369
0.02898
0.02724
0.03685
0.08477
0.1681
0.3111
0.2149
0.1599
0.09748
0.06378
0.04988
0.03918
0.03145
0.02857
0.02862
0.08972
0.269
0.4452
0.3182
0.1956
0.1365
0.09284
0.06872
0.05412
0.0424
0.04175
0.05664
0.03699
0.09704
0.1048
0.09967
0.0833
0.04575
0.0354
0.02707
0.02096
0.017
0.01808
0.01795
"21"
