5.751e-05
0.0008064
0.0007263
0
0.002392
0.004471
0.01718
0.1075
0.2492
0.3004
0.6349
0.3012
0.1799
0.05593
0.007792
0.002993
0.002683
0.006147
0.04309
0.1422
0.1024
0.235
0.4129
0.4334
0.2081
0.0568
0.009822
0.003757
0.002445
0.009209
0.02577
0.04986
0.2902
0.3411
0.8501
0.5046
0.2115
0.09312
0.0158
0.004696
0.00402
0.004557
0.05485
0.1572
0.2815
0.2767
0.4587
0.3526
0.1592
0.0597
0.01139
0.003654
0.003866
0.00788
0.02157
0.06096
0.2094
0.468
0.6621
0.3623
0.2476
0.09907
0.01686
0.006403
0.01337
0.008144
0.01607
0.05621
0.1886
0.4135
0.4885
0.2054
0.08978
0.01397
0.00352
0.002268
0.003102
0.005745
0.01608
0.06064
0.1339
0.2585
0.3767
0.255
0.1553
0.03419
0.00538
0.002407
0.00231
0.005203
0.01609
0.03748
0.1557
0.3827
0.5834
0.4186
0.1637
0.06355
0.009927
0.003429
0.002269
0.004736
0.03492
0.05876
0.03278
0.1596
0.124
0.1062
0.06812
0.01279
0.007
0.00107
0.002009
0.003584
0.02623
0.01491
"1"
0.0001497
0.001246
0.001061
0
0.00378
0.006969
0.02722
0.137
0.2863
0.3306
0.6369
0.2528
0.1292
0.02254
0.002154
0.0007721
0.002173
0.008645
0.05822
0.1632
0.107
0.2393
0.4039
0.4343
0.1703
0.02097
0.003149
0.001455
0.001886
0.01367
0.03571
0.06119
0.3349
0.3557
0.871
0.4707
0.1436
0.05133
0.009121
0.001839
0.003792
0.005601
0.07051
0.181
0.3067
0.2741
0.4581
0.3329
0.1145
0.02753
0.006982
0.001895
0.004284
0.01099
0.02863
0.07242
0.2426
0.5079
0.6633
0.3281
0.2018
0.0561
0.004975
0.004889
0.01587
0.01094
0.02189
0.0675
0.2182
0.4514
0.4841
0.1707
0.06085
0.008153
0.001976
0.001613
0.003554
0.008208
0.02231
0.07901
0.1577
0.2932
0.3632
0.2385
0.1315
0.01984
0.003207
0.001206
0.00213
0.00702
0.02252
0.05093
0.1848
0.4236
0.589
0.4076
0.1126
0.03052
0.006038
0.001551
0.001507
0.006042
0.0483
0.06865
0.03796
0.1935
0.119
0.08723
0.05767
0.01512
0.008696
0.0004037
0.002614
0.004764
0.03766
0.01333
"2"
5.751e-05
0.0008162
0.0007775
0
0.00285
0.005363
0.02199
0.1227
0.2688
0.3167
0.6334
0.255
0.1347
0.03576
0.007366
0.003526
0.005275
0.009701
0.05321
0.153
0.1065
0.2379
0.4046
0.4318
0.1785
0.0389
0.01029
0.005595
0.005017
0.01466
0.03394
0.05813
0.3159
0.3481
0.8598
0.47
0.1561
0.06852
0.01853
0.007944
0.008838
0.009514
0.06927
0.1724
0.2983
0.2677
0.4516
0.341
0.1278
0.04959
0.01611
0.009502
0.008419
0.01297
0.02983
0.07179
0.2296
0.5005
0.6657
0.3352
0.2159
0.07633
0.02008
0.01271
0.01972
0.01354
0.02448
0.06661
0.2058
0.4409
0.4805
0.176
0.0708
0.0186
0.00638
0.004983
0.004729
0.008422
0.02239
0.07126
0.1451
0.2855
0.3715
0.2409
0.1391
0.03229
0.00688
0.003718
0.003818
0.008199
0.02181
0.04669
0.17
0.413
0.5875
0.4075
0.1231
0.0471
0.01343
0.006049
0.005804
0.008623
0.04436
0.06713
0.03723
0.1776
0.126
0.09358
0.06348
0.01636
0.00935
0.001294
0.002719
0.004518
0.03245
0.01366
"3"
5.751e-05
0.0008064
0.0007263
0
0.002392
0.004471
0.01718
0.1075
0.2492
0.3018
0.6205
0.2896
0.1768
0.06619
0.01168
0.003177
0.002833
0.006273
0.0432
0.1423
0.1067
0.2389
0.4109
0.4298
0.2046
0.05936
0.01403
0.004695
0.002604
0.00932
0.02587
0.04995
0.2909
0.3428
0.8429
0.4951
0.2075
0.1008
0.02324
0.007236
0.004604
0.004733
0.05501
0.1574
0.2871
0.2756
0.4535
0.3475
0.1571
0.06538
0.01736
0.005634
0.004088
0.008022
0.0217
0.06106
0.2095
0.4703
0.6555
0.3543
0.2441
0.1045
0.02364
0.009801
0.01353
0.008306
0.01622
0.05635
0.1887
0.4181
0.4841
0.201
0.09308
0.01799
0.003701
0.002399
0.003211
0.005848
0.01618
0.06071
0.134
0.2615
0.3758
0.2526
0.155
0.03961
0.006227
0.002514
0.00241
0.005302
0.01618
0.03756
0.1558
0.3855
0.5798
0.4117
0.1601
0.07096
0.01491
0.003989
0.00242
0.004876
0.03505
0.05891
0.03293
0.1606
0.1302
0.1079
0.06965
0.01367
0.007074
0.001126
0.002069
0.003641
0.02628
0.01496
"4"
3.846e-06
0.0002433
0.0003184
0
0.0009997
0.002041
0.009623
0.08304
0.2052
0.279
0.6043
0.3112
0.2076
0.09531
0.02337
0.006061
0.00376
0.00485
0.03089
0.1176
0.1125
0.226
0.4041
0.4148
0.2179
0.08983
0.02711
0.008199
0.003436
0.006347
0.01976
0.04111
0.2469
0.3236
0.8047
0.4991
0.2454
0.1357
0.04489
0.01236
0.006176
0.004779
0.04456
0.1302
0.2704
0.2635
0.4344
0.3504
0.1831
0.09771
0.02903
0.0104
0.004354
0.005128
0.01817
0.05369
0.1731
0.4324
0.6369
0.3597
0.2707
0.1354
0.04589
0.01605
0.01361
0.006539
0.01209
0.04899
0.1564
0.3902
0.4803
0.2215
0.1201
0.03405
0.006909
0.003357
0.002556
0.003603
0.01257
0.044
0.1059
0.2426
0.3829
0.258
0.1686
0.06482
0.01213
0.004029
0.002393
0.003643
0.01153
0.02696
0.1209
0.36
0.5629
0.4064
0.1977
0.1041
0.02978
0.006571
0.003281
0.003356
0.02333
0.04987
0.02698
0.1398
0.1426
0.1188
0.081
0.02146
0.006805
0.001818
0.001583
0.002203
0.01707
0.01237
"5"
3.846e-06
0.0002433
0.0003184
0
0.0009997
0.002041
0.009623
0.08304
0.2052
0.279
0.6043
0.3112
0.2076
0.09531
0.02337
0.006061
0.00376
0.00485
0.03089
0.1176
0.1125
0.226
0.4041
0.4148
0.2179
0.08983
0.02711
0.008199
0.003436
0.006347
0.01976
0.04111
0.2469
0.3236
0.8047
0.4991
0.2454
0.1357
0.04489
0.01236
0.006176
0.004779
0.04456
0.1302
0.2704
0.2635
0.4344
0.3504
0.1831
0.09771
0.02903
0.0104
0.004354
0.005128
0.01817
0.05369
0.1731
0.4324
0.6369
0.3597
0.2707
0.1354
0.04589
0.01605
0.01361
0.006539
0.01209
0.04899
0.1564
0.3902
0.4803
0.2215
0.1201
0.03405
0.006909
0.003357
0.002556
0.003603
0.01257
0.044
0.1059
0.2426
0.3829
0.258
0.1686
0.06482
0.01213
0.004029
0.002393
0.003643
0.01153
0.02696
0.1209
0.36
0.5629
0.4064
0.1977
0.1041
0.02978
0.006571
0.003281
0.003356
0.02333
0.04987
0.02698
0.1398
0.1426
0.1188
0.081
0.02146
0.006805
0.001818
0.001583
0.002203
0.01707
0.01237
"6"
3.846e-06
0.0002433
0.0003184
0
0.0009997
0.002041
0.009623
0.08306
0.2051
0.2754
0.6003
0.3055
0.2045
0.09612
0.02848
0.01214
0.008568
0.00834
0.03352
0.1192
0.111
0.224
0.4013
0.4117
0.2147
0.09108
0.02988
0.0128
0.007777
0.009536
0.02219
0.04292
0.2471
0.3197
0.7982
0.4914
0.2407
0.136
0.05061
0.01909
0.01235
0.009299
0.04795
0.1331
0.2684
0.2598
0.4298
0.346
0.1804
0.09979
0.03284
0.01591
0.009186
0.00892
0.02094
0.05578
0.1746
0.4297
0.6301
0.3529
0.2665
0.1352
0.05037
0.02205
0.01947
0.01117
0.01541
0.05154
0.1585
0.3872
0.4743
0.2169
0.1193
0.03729
0.01248
0.007659
0.005839
0.006103
0.01445
0.04542
0.1061
0.2407
0.378
0.2544
0.1669
0.06605
0.01718
0.00837
0.005962
0.00639
0.01361
0.02853
0.122
0.3576
0.5567
0.4
0.1934
0.1045
0.03387
0.01381
0.008531
0.007089
0.02616
0.05272
0.02884
0.1381
0.1397
0.1168
0.08159
0.02349
0.009828
0.004369
0.003567
0.003716
0.01822
0.01335
"7"
1.27e-05
0.0003462
0.00041
0
0.001238
0.002318
0.009182
0.07729
0.1899
0.2377
0.5662
0.2967
0.2009
0.08992
0.02472
0.01316
0.00969
0.008377
0.03123
0.1125
0.09354
0.2103
0.3874
0.3929
0.2125
0.08415
0.02355
0.0128
0.008836
0.00945
0.02039
0.04038
0.2257
0.2977
0.7591
0.4768
0.2473
0.1414
0.044
0.02061
0.01451
0.01034
0.04412
0.1266
0.251
0.2558
0.422
0.3418
0.1915
0.09776
0.02922
0.01694
0.009927
0.009934
0.01892
0.05188
0.164
0.4025
0.612
0.3592
0.2743
0.1451
0.04078
0.02302
0.01931
0.0116
0.01478
0.04922
0.1496
0.3639
0.4651
0.2243
0.1257
0.02906
0.0145
0.008484
0.006573
0.006605
0.01306
0.0433
0.1008
0.214
0.3668
0.2529
0.1715
0.05915
0.01787
0.009513
0.006596
0.006792
0.01278
0.02644
0.1156
0.3287
0.5388
0.3948
0.2059
0.1076
0.03044
0.01572
0.009891
0.00793
0.02521
0.05104
0.02831
0.1224
0.1282
0.116
0.0765
0.01878
0.01031
0.004667
0.003864
0.004207
0.01662
0.01577
"8"
1.27e-05
0.0003462
0.00041
0
0.001238
0.002318
0.009182
0.07729
0.1899
0.2371
0.5544
0.293
0.2001
0.08817
0.0199
0.01073
0.008311
0.008358
0.03123
0.1104
0.09189
0.2099
0.3873
0.3929
0.2125
0.07793
0.02123
0.01153
0.00784
0.009433
0.02039
0.04038
0.223
0.2956
0.7586
0.4766
0.2473
0.1398
0.03704
0.01918
0.01241
0.009557
0.04403
0.1249
0.2497
0.2555
0.422
0.3418
0.1915
0.09118
0.02828
0.01567
0.009355
0.009524
0.01892
0.05187
0.1628
0.3986
0.6109
0.3589
0.2743
0.1439
0.03362
0.02127
0.01767
0.01095
0.01465
0.04874
0.147
0.3619
0.4646
0.2242
0.1249
0.02466
0.01177
0.007929
0.006572
0.006605
0.01306
0.0433
0.1
0.2077
0.3647
0.2524
0.1714
0.05336
0.01555
0.008549
0.006588
0.006791
0.01278
0.02644
0.1151
0.3227
0.5368
0.3943
0.2058
0.1043
0.02671
0.01334
0.008595
0.007897
0.02512
0.04964
0.02608
0.1198
0.1273
0.1158
0.07344
0.01654
0.009227
0.004664
0.003864
0.004207
0.01662
0.01577
"9"
1.27e-05
0.0003462
0.00041
0
0.001238
0.002318
0.009182
0.07729
0.1899
0.2371
0.5544
0.293
0.2001
0.08817
0.0199
0.01073
0.008311
0.008358
0.03123
0.1104
0.09189
0.2099
0.3873
0.3929
0.2125
0.07793
0.02123
0.01153
0.00784
0.009433
0.02039
0.04038
0.223
0.2956
0.7586
0.4766
0.2473
0.1398
0.03704
0.01918
0.01241
0.009557
0.04403
0.1249
0.2497
0.2555
0.422
0.3418
0.1915
0.09118
0.02828
0.01567
0.009355
0.009524
0.01892
0.05187
0.1628
0.3986
0.6109
0.3589
0.2743
0.1439
0.03362
0.02127
0.01767
0.01095
0.01465
0.04874
0.147
0.3619
0.4646
0.2242
0.1249
0.02466
0.01177
0.007929
0.006572
0.006605
0.01306
0.0433
0.1
0.2077
0.3647
0.2524
0.1714
0.05336
0.01555
0.008549
0.006588
0.006791
0.01278
0.02644
0.1151
0.3227
0.5368
0.3943
0.2058
0.1043
0.02671
0.01334
0.008595
0.007897
0.02512
0.04964
0.02608
0.1198
0.1273
0.1158
0.07344
0.01654
0.009227
0.004664
0.003864
0.004207
0.01662
0.01577
"10"
1.27e-05
0.0003462
0.00041
0
0.001238
0.002318
0.009182
0.07729
0.1899
0.2371
0.5544
0.293
0.2001
0.08817
0.0199
0.01073
0.008311
0.008358
0.03123
0.1104
0.09189
0.2099
0.3873
0.3929
0.2125
0.07793
0.02123
0.01153
0.00784
0.009433
0.02039
0.04038
0.223
0.2956
0.7586
0.4766
0.2473
0.1398
0.03704
0.01918
0.01241
0.009557
0.04403
0.1249
0.2497
0.2555
0.422
0.3418
0.1915
0.09118
0.02828
0.01567
0.009355
0.009524
0.01892
0.05187
0.1628
0.3986
0.6109
0.3589
0.2743
0.1439
0.03362
0.02127
0.01767
0.01095
0.01465
0.04874
0.147
0.3619
0.4646
0.2242
0.1249
0.02466
0.01177
0.007929
0.006572
0.006605
0.01306
0.0433
0.1
0.2077
0.3647
0.2524
0.1714
0.05336
0.01555
0.008549
0.006588
0.006791
0.01278
0.02644
0.1151
0.3227
0.5368
0.3943
0.2058
0.1043
0.02671
0.01334
0.008595
0.007897
0.02512
0.04964
0.02608
0.1198
0.1273
0.1158
0.07344
0.01654
0.009227
0.004664
0.003864
0.004207
0.01662
0.01577
"11"
